010000000000000000000001
010000111000000000000001
010000111100000000000000
010011000000001000000010
000100000000000000011001
010100000000000000000000
001100000000000000000000
000101000000000000001111
010000000100000011111111
001100000100010000000001
000101000000000000001100
000100000000000000001001
001100000000000000000001
000101000000000000001111
000100000000000000001000
010101000000000000000000
000011000000000000000000
010011000011101000000001
000010000000000000000101
010100000000000000000000
000000001100000000000001
010011000011111000000001
000010000000000000000101
010101000000000000000000
000011000000000000000000
010000000000000000000000
010000001100000001111111
000010000000000000010001
001011000000000000000001
000000001100000010000001
000101000000000000100000
000100000000000000011011
001100000000000000000001
000101000000000000011001
000010000000000000010001
000100000000000000100000